90 90 90 90 90 90 90 90 90 90

90 90 90 90 90 90 90 90 90 90

90 90 90 90 90 90 90 90 90 90

90 90 90 90 90 90 90 90 90 90

90 90 90 90 90 90 90 90 90 90

90 90 90 90 90 90 90 90 90 90

90 90 90 90 90 90 90 90 90 90

90 90 90 90 90 90 90 90 90 90

90 90 90 90 90 90 90 90 90 90

90 90 90 90 90 90 90 90 90 90



90 90 90 90 90 90 90 90 90 90

90 90 90 90 90 90 90 90 90 90

90 90 90 90 90 90 90 90 90 90

90 90 90 90 90 90 90 90 90 90

90 90 90 90 90 90 90 90 90 90

90 90 90 90 90 90 90 90 90 90

90 90 90 90 90 90 90 90 90 90

90 90 90 90 90 90 90 90 90 90

90 90 90 90 90 90 90 90 90 90

90 90 90 90 90 90 90 90 90 90



90 90 90 90 90 90 90 90 90 90

90 90 90 90 90 90 90 90 90 90

90 90 90 90 90 90 90 90 90 90

90 90 90 90 90 90 90 90 90 90

90 90 90 90 90 90 90 90 90 90

90 90 90 90 90 90 90 90 90 90

90 90 90 90 90 90 90 90 90 90

90 90 90 90 90 90 90 90 90 90

90 90 90 90 90 90 90 90 90 90

90 90 90 90 90 90 90 90 90 90



90 90 90 90 90 90 90 90 90 90

90 90 90 90 90 90 90 90 90 90

90 90 90 90 90 90 90 90 90 90

90 90 90 90 90 90 90 90 90 90

90 90 90 90 90 90 90 90 90 90

90 90 90 90 90 90 90 90 90 90

90 90 90 90 90 90 90 90 90 90

90 90 90 90 90 90 90 90 90 90

90 90 90 90 90 90 90 90 90 90

90 90 90 90 90 90 90 90 90 90



90 90 90 90 90 90 90 90 90 90

90 90 90 90 90 90 90 90 90 90

90 90 90 90 90 90 90 90 90 90

90 90 90 90 90 90 90 90 90 90

90 90 90 90 90 90 90 90 90 90

90 90 90 90 90 90 90 90 90 90

90 90 90 90 90 90 90 90 90 90

90 90 90 90 90 90 90 90 90 90

90 90 90 90 90 90 90 90 90 90

90 90 90 90 90 90 90 90 90 90



90 90 90 90 90 90 90 90 90 

b8 69 dd d3 57
8d 6c 24 18
68 21 8d 04 08 
c3
c0 3c 68 55
